1 0
2 0
3 0
4 0
5 0
6 0
7 0
8 0
9 0
10 0
11 0
12 1.5625e+007
13 1.5625e+007
14 5.966e+007
15 7.7603e+007
16 2.03134e+008
17 4.21897e+008
18 1.00245e+009
19 2.20446e+009
20 4.66086e+009

1 0
2 0
3 0
4 1.5578e+007
5 0
6 0
7 0
8 0
9 0
10 0
11 0
12 1.5618e+007
13 1.5625e+007
14 4.6876e+007
15 9.375e+007
16 2.03127e+008
17 4.37727e+008
18 9.68341e+008
19 2.07909e+009
20 4.52853e+009

1 0
2 0
3 0
4 0
5 0
6 0
7 0
8 0
9 0
10 0
11 1.557e+007
12 0
13 3.125e+007
14 4.6875e+007
15 7.8144e+007
16 1.87486e+008
17 4.3773e+008
18 9.9201e+008
19 2.19843e+009
20 4.52762e+009

1 0
2 0
3 0
4 0
5 0
6 0
7 0
8 0
9 0
10 0
11 0
12 15587000
13 15626000
14 46859000
15 93767000
16 187485000
17 445561000
18 1010826000
19 2099517000
20 1117876704

1 0
2 0
3 0
4 0
5 0
6 0
7 0.01557
8 0
9 0
10 0

1 0.01557
2 0

1 0.015573
2 0
3 0
4 0.015635
5 0
6 0.015622
7 0
8 0
9 0
10 0.015623

1 0
2 0
3 0.015574
4 0
5 0
6 0.01564
7 0
8 0.015625
9 0
10 0.031238

1 0.01557
2 0
3 0
4 0.015643

1 0.010758
2 0.01563
3 0
4 0.046928
5 0.015579
6 0.046872
7 0.046981
8 0.046874
9 0.109393
10 0.203113

1 0.015625
2 0

1 0
2 0

1 0
2 0
3 0
4 0
5 0
6 0
7 0
8 0
9 0
10 0.015643
11 0.015615
12 0.046886
13 0.140639
14 0.124978
15 0.140624
16 0.296875
17 0.632023
18 1.34392
19 2.81967
20 6.04374

1 0
2 0
3 0
4 0
5 0
6 0
7 0
8 0
9 0.015633
10 0
11 0.031245
12 0.031245
13 0.109378
14 0.090179
15 0.140626
16 0.281252
17 0.625027
18 1.33896
19 2.93609
20 6.3778

1 0
2 0
3 0
4 0.06254
5 0.015599
6 0.015596
7 0
8 0.015633
9 0.015618
10 0.017919
11 0.012302
12 0.015647
13 0.031234
14 0.046888
15 0.093752
16 0.203129
17 0.437487
18 0.994124
19 2.16251
20 4.87439

1 0
2 0
3 0
4 0
5 0.01563
6 0
7 0
8 0
9 0
10 0.016367
11 0.00465
12 0
13 0.031255
14 0.046892
15 0.09677
16 0.203209
17 0.437525
18 1.0003
19 2.14149
20 4.67146

1 0.000964
2 0.000382
3 0
4 0.001001
5 0.001
6 0.001
7 0.001001
8 0.000673
9 0.002997
10 0.011987
11 0.003089
12 0.031237
13 0.046877
14 0.093751
15 0.125001
16 0.272383
17 0.619287
18 1.47677
19 2.94262
20 6.18786

1 0
2 0
3 0
4 0
5 15.58
6 0
7 0
8 0
9 0
10 15.626
11 15.617
12 46.891
13 46.875
14 78.113
15 140.622
16 312.793
17 609.401
18 1315.58
19 2846.23
20 6166.11

1 0
2 0
3 0
4 0
5 0
6 0
7 0
8 0
9 15.637
10 0
11 15.614
12 31.265
13 46.875
14 93.752
15 124.983
16 281.27
17 609.437
18 1312.15
19 2796.24
20 6015.85

1 0
2 0
3 0
4 0
5 0
6 0
7 0
8 0
9 0
10 15.628

1 0
2 0
3 0
4 0
5 15.593
6 0
7 0
8 0
9 0
10 15.632
11 15.625
12 46.861
13 46.891
14 78.125
15 125.002
16 300.898
17 625.01
18 1321.98
19 2796.94
20 6001.47

1 0
2 0
3 0
4 0
5 0
6 0
7 0
8 0
9 0.015581
10 0.002315
11 0.015646
12 0.046875
13 0.046858
14 0.078128
15 0.118004
16 0.281232
17 0.619656
18 1.3148
19 2.8013
20 6.39572

1 0
2 0
3 0.015572
4 0
5 0
6 0
7 0
8 0
9 0.015635
10 0.015633
11 0.015606
12 0.031267
13 0.046856
14 0.078686
15 0.124986
16 0.281253
17 0.603228
18 1.31342
19 2.79651
20 6.02491

1 0
2 0
3 0
4 0
5 0
6 0
7 0
8 0.015573
9 0
10 0.015643
11 0.015612
12 0.03126
13 0.062501
14 0.07811
15 0.124999
16 0.281257
17 0.619353
18 1.31216
19 2.83793
20 6.02007
